665.0793650793653 1
666.666666666667 1
668.2539682539687 1
669.8412698412699 1
671.4285714285716 1
673.0158730158732 0
674.6031746031749 0
679.3650793650795 0
682.5396825396829 1
684.1269841269841 2
685.7142857142858 2
687.3015873015875 2
688.8888888888891 2
690.4761904761908 2
692.063492063492 2
693.6507936507937 3
695.2380952380954 3
696.8253968253971 3
698.4126984126988 3
700.0 4
701.5873015873017 4
703.1746031746034 4
704.761904761905 5
706.3492063492067 5
707.936507936508 6
709.5238095238096 7
711.1111111111113 7
712.698412698413 8
714.2857142857147 8
715.8730158730159 8
717.4603174603176 8
719.0476190476193 8
720.634920634921 7
722.2222222222226 7
723.8095238095239 7
725.3968253968255 8
726.9841269841272 8
728.5714285714289 8
730.1587301587301 8
731.7460317460318 8
733.3333333333335 7
734.9206349206352 8
736.5079365079368 8
738.0952380952381 9
739.6825396825398 9
741.2698412698414 9
742.8571428571431 9
744.4444444444448 9
746.031746031746 8
747.6190476190477 7
749.2063492063494 7
750.7936507936511 7
752.3809523809527 7
753.968253968254 7
755.5555555555557 7
757.1428571428573 7
758.730158730159 7
760.3174603174607 7
761.9047619047619 7
763.4920634920636 6
765.0793650793653 6
766.666666666667 6
768.2539682539687 6
769.8412698412699 6
771.4285714285716 6
773.0158730158732 5
774.6031746031749 6
776.1904761904761 6
777.7777777777778 6
779.3650793650795 6
780.9523809523812 6
782.5396825396829 6
784.1269841269841 5
785.7142857142858 4
787.3015873015875 5
788.8888888888891 5
790.4761904761908 5
792.063492063492 6
793.6507936507937 6
795.2380952380954 6
796.8253968253971 6
798.4126984126988 7
800.0 7
801.5873015873017 7
803.1746031746034 8
804.761904761905 8
806.3492063492067 8
807.936507936508 9
809.5238095238096 9
811.1111111111113 10
812.698412698413 11
814.2857142857147 11
815.8730158730159 11
817.4603174603176 11
819.0476190476193 12
820.634920634921 12
822.2222222222222 12
823.8095238095239 12
825.3968253968255 12
826.9841269841272 12
828.5714285714289 12
830.1587301587301 12
831.7460317460318 12
833.3333333333335 13
834.9206349206352 13
836.5079365079368 14
838.0952380952381 14
839.6825396825398 14
841.2698412698414 14
842.8571428571431 14
844.4444444444448 14
846.031746031746 14
847.6190476190477 14
849.2063492063494 14
850.7936507936511 14
852.3809523809527 14
853.968253968254 14
855.5555555555557 14
857.1428571428573 14
858.730158730159 14
860.3174603174607 14
861.9047619047619 13
863.4920634920636 13
865.0793650793653 12
866.666666666667 12
868.2539682539687 12
869.8412698412699 12
871.4285714285716 12
873.0158730158732 12
874.6031746031749 12
876.1904761904761 13
877.7777777777778 13
879.3650793650795 13
880.9523809523812 13
882.5396825396829 13
884.1269841269841 13
885.7142857142858 13
887.3015873015875 13
888.8888888888891 13
890.4761904761908 13
892.063492063492 14
893.6507936507937 14
895.2380952380954 14
896.8253968253971 14
898.4126984126988 14
900.0 14
901.5873015873017 14
903.1746031746034 14
904.761904761905 13
906.3492063492067 13
907.936507936508 13
909.5238095238096 13
911.1111111111113 13
912.698412698413 13
914.2857142857147 13
915.8730158730159 13
917.4603174603176 12
919.0476190476193 12
920.634920634921 12
922.2222222222222 12
923.8095238095239 12
925.3968253968255 12
926.9841269841272 12
928.5714285714289 12
930.1587301587301 12
931.7460317460318 12
933.3333333333335 11
934.9206349206352 11
936.5079365079368 11
938.0952380952381 11
939.6825396825398 11
941.2698412698414 11
942.8571428571431 11
944.4444444444448 12
946.031746031746 12
947.6190476190477 13
949.2063492063494 13
950.7936507936511 13
952.3809523809527 13
953.968253968254 13
955.5555555555557 13
957.1428571428573 13
958.730158730159 12
960.3174603174607 12
961.9047619047619 12
963.4920634920636 12
965.0793650793653 11
966.666666666667 11
968.2539682539682 11
969.8412698412699 12
971.4285714285716 12
973.0158730158732 12
974.6031746031749 13
976.1904761904761 13
977.7777777777778 13
979.3650793650795 14
980.9523809523812 14
982.5396825396829 14
984.1269841269841 14
985.7142857142858 14
987.3015873015875 14
988.8888888888891 14
990.4761904761908 14
992.063492063492 14
993.6507936507937 13
995.2380952380954 13
996.8253968253971 13
998.4126984126988 13
1000.0 13
1001.5873015873017 14
1003.1746031746034 14
1004.761904761905 14
1006.3492063492067 14
1007.936507936508 14
1009.5238095238096 14
1011.1111111111113 14
1012.698412698413 14
1014.2857142857147 14
1015.8730158730159 13
1017.4603174603176 13
1019.0476190476193 13
1020.634920634921 13
1022.2222222222222 13
1023.8095238095239 13
1025.3968253968255 13
1026.9841269841272 12
1028.571428571429 12
1030.1587301587301 13
1031.7460317460318 13
1033.3333333333335 13
1034.9206349206352 14
1036.5079365079368 14
1038.095238095238 14
1039.6825396825398 13
1041.2698412698414 12
1042.8571428571431 11
1044.4444444444448 10
1046.031746031746 10
1047.6190476190477 10
1049.2063492063494 11
1050.793650793651 12
1052.3809523809527 12
1053.968253968254 12
1055.5555555555557 12
1057.1428571428573 11
1058.730158730159 10
1060.3174603174607 9
1061.904761904762 9
1063.4920634920636 8
1065.0793650793653 8
1066.666666666667 8
1068.2539682539682 8
1069.8412698412699 8
1071.4285714285716 7
1073.0158730158732 7
1074.603174603175 7
1076.1904761904761 7
1077.7777777777778 6
1079.3650793650795 6
1080.9523809523812 6
1082.5396825396829 6
1084.126984126984 6
1085.7142857142858 6
1087.3015873015875 5
1088.8888888888891 5
1090.4761904761908 5
1092.063492063492 5
1093.6507936507937 6
1095.2380952380954 6
1096.825396825397 6
1098.4126984126988 6
1100.0 6
1101.5873015873017 6
1103.1746031746034 6
1104.761904761905 6
1106.3492063492067 6
1107.936507936508 6
1109.5238095238096 6
1111.1111111111113 6
1112.698412698413 6
1114.2857142857142 6
1115.873015873016 6
1117.4603174603176 6
1119.0476190476193 6
1120.634920634921 6
1122.2222222222222 6
1123.8095238095239 5
1125.3968253968255 5
1126.9841269841272 5
1128.571428571429 5
1130.1587301587301 4
1131.7460317460318 4
1133.3333333333335 4
1134.9206349206352 4
1136.5079365079368 4
1138.095238095238 4
1139.6825396825398 4
1141.2698412698414 4
1142.8571428571431 4
1144.4444444444448 4
1146.031746031746 5
1147.6190476190477 5
1149.2063492063494 5
1150.793650793651 5
1152.3809523809527 5
1153.968253968254 5
1155.5555555555557 4
1157.1428571428573 4
1158.730158730159 4
1160.3174603174607 4
1161.904761904762 4
1163.4920634920636 4
1165.0793650793653 4
1166.666666666667 4
1168.2539682539682 4
1169.8412698412699 4
1171.4285714285716 4
1173.0158730158732 4
1174.603174603175 4
1176.1904761904761 4
1177.7777777777778 5
1179.3650793650795 5
1180.9523809523812 5
1182.5396825396829 5
1184.126984126984 5
1185.7142857142858 5
1187.3015873015875 5
1188.8888888888891 5
1190.4761904761908 5
1192.063492063492 5
1193.6507936507937 5
1195.2380952380954 5
1196.825396825397 5
1198.4126984126988 5
1200.0 5
1201.5873015873017 5
1203.1746031746034 5
1204.761904761905 5
1206.3492063492067 4
1207.936507936508 4
1209.5238095238096 4
1211.1111111111113 5
1212.698412698413 5
1214.2857142857142 6
1215.873015873016 6
1217.4603174603176 6
1219.0476190476193 6
1220.634920634921 6
1222.2222222222222 6
1223.8095238095239 5
1225.3968253968255 5
1226.9841269841272 5
1228.571428571429 5
1230.1587301587301 5
1231.7460317460318 5
1233.3333333333335 5
1234.9206349206352 5
1236.5079365079368 5
1238.095238095238 5
1239.6825396825398 5
1241.2698412698414 6
1242.8571428571431 6
1244.4444444444448 5
1246.031746031746 6
1247.6190476190477 6
1249.2063492063494 6
1250.793650793651 6
1252.3809523809527 6
1253.968253968254 6
1255.5555555555557 6
1257.1428571428573 6
1258.730158730159 7
1260.3174603174602 7
1261.904761904762 7
1263.4920634920636 7
1265.0793650793653 7
1266.666666666667 7
1268.2539682539682 7
1269.8412698412699 8
1271.4285714285716 8
1273.0158730158732 8
1274.603174603175 8
1276.1904761904761 8
1277.7777777777778 8
1279.3650793650795 7
1280.9523809523812 7
1282.5396825396829 7
1284.126984126984 8
1285.7142857142858 9
1287.3015873015875 9
1288.8888888888891 9
1290.4761904761908 9
1292.063492063492 9
1293.6507936507937 9
1295.2380952380954 8
1296.825396825397 8
1298.4126984126988 8
1300.0 8
1301.5873015873017 8
1303.1746031746034 8
1304.761904761905 8
1306.3492063492067 8
1307.936507936508 8
1309.5238095238096 8
1311.1111111111113 9
1312.698412698413 9
1314.2857142857142 10
1315.873015873016 11
1317.4603174603176 11
1319.0476190476193 12
1320.634920634921 12
1322.2222222222222 12
1323.8095238095239 12
1325.3968253968255 12
1326.9841269841272 11
1328.571428571429 10
1330.1587301587301 10
1331.7460317460318 10
1333.3333333333335 10
1334.9206349206352 10
1336.5079365079368 11
1338.095238095238 11
1339.6825396825398 12
1341.2698412698414 12
1342.8571428571431 12
1344.4444444444448 13
1346.031746031746 13
1347.6190476190477 12
1349.2063492063494 12
1350.793650793651 11
1352.3809523809527 10
1353.968253968254 10
1355.5555555555557 10
1357.1428571428573 11
1358.730158730159 11
1360.3174603174602 12
1361.904761904762 12
1363.4920634920636 12
1365.0793650793653 12
1366.666666666667 12
1368.2539682539682 12
1369.8412698412699 12
1371.4285714285716 13
1373.0158730158732 13
1374.603174603175 14
1376.1904761904761 14
1377.7777777777778 14
1379.3650793650795 13
1380.9523809523812 13
1382.5396825396829 12
1384.126984126984 11
1385.7142857142858 11
1387.3015873015875 10
1388.8888888888891 9
1390.4761904761908 10
1392.063492063492 11
1393.6507936507937 12
1395.2380952380954 13
1396.825396825397 13
1398.4126984126988 14
1400.0 14
1401.5873015873017 14
1403.1746031746034 14
1404.761904761905 14
1406.3492063492063 13
1407.936507936508 11
1409.5238095238096 10
1411.1111111111113 10
1412.698412698413 10
1414.2857142857142 11
1415.873015873016 11
1417.4603174603176 12
1419.0476190476193 12
1420.634920634921 12
1422.2222222222222 12
1423.8095238095239 11
1425.3968253968255 10
1426.9841269841272 10
1428.571428571429 10
1430.1587301587301 11
1431.7460317460318 12
1433.3333333333335 13
1434.9206349206352 14
1436.5079365079368 14
1438.095238095238 14
1439.6825396825398 13
1441.2698412698414 13
1442.8571428571431 12
1444.4444444444448 11
1446.031746031746 9
1447.6190476190477 7
1449.2063492063494 6
1450.793650793651 6
1452.3809523809527 8
1453.968253968254 9
1455.5555555555557 11
1457.1428571428573 12
1458.730158730159 12
1460.3174603174602 13
1461.904761904762 13
1463.4920634920636 12
1465.0793650793653 12
1466.666666666667 13
1468.2539682539682 15
1469.8412698412699 17
1471.4285714285716 19
1473.0158730158732 21
1474.603174603175 21
1476.1904761904761 20
1477.7777777777778 19
1479.3650793650795 18
1480.9523809523812 17
1482.5396825396829 18
1484.126984126984 19
1485.7142857142858 19
1487.3015873015875 19
1488.8888888888891 19
1490.4761904761908 19
1492.063492063492 20
1493.6507936507937 20
1495.2380952380954 18
1496.825396825397 16
1498.4126984126988 14
1500.0 12
1501.5873015873017 13
1503.1746031746034 15
1504.761904761905 16
1506.3492063492063 17
1507.936507936508 17
1509.5238095238096 17
1511.1111111111113 15
1512.698412698413 13
1514.2857142857142 14
1515.873015873016 15
1517.4603174603176 18
1519.0476190476193 22
1520.634920634921 23
1522.2222222222222 24
1523.8095238095239 24
1525.3968253968255 24
1526.9841269841272 22
1528.571428571429 21
1530.1587301587301 18
1531.7460317460318 15
1533.3333333333335 14
1534.9206349206352 15
1536.5079365079368 21
1538.095238095238 26
1539.6825396825398 30
1541.2698412698414 32
1542.8571428571431 33
1544.4444444444448 33
1546.031746031746 30
1547.6190476190477 26
1549.2063492063494 23
1550.793650793651 20
1552.3809523809523 25
1553.968253968254 30
1555.5555555555557 35
1557.1428571428573 39
1558.730158730159 41
1560.3174603174602 41
1561.904761904762 41
1563.4920634920636 41
1565.0793650793653 40
1566.666666666667 40
1568.2539682539682 42
1569.8412698412699 45
1571.4285714285716 50
1573.0158730158732 56
1574.603174603175 60
1576.1904761904761 62
1577.7777777777778 64
1579.3650793650795 65
1580.9523809523812 65
1582.5396825396829 64
1584.126984126984 63
1585.7142857142858 63
1587.3015873015875 62
1588.8888888888891 62
1590.4761904761908 62
1592.063492063492 63
1593.6507936507937 62
1595.2380952380954 62
1596.825396825397 61
1598.4126984126983 60
1600.0 59
1601.5873015873017 58
1603.1746031746034 56
1604.761904761905 54
1606.3492063492063 51
1607.936507936508 47
1609.5238095238096 43
1611.1111111111113 41
1612.698412698413 40
1614.2857142857142 40
1615.873015873016 40
1617.4603174603176 41
1619.0476190476193 42
1620.634920634921 43
1622.2222222222222 43
1623.8095238095239 42
1625.3968253968255 42
1626.9841269841272 38
1628.571428571429 35
1630.1587301587301 38
1631.7460317460318 41
1633.3333333333335 41
1634.9206349206352 42
1636.5079365079368 42
1638.095238095238 38
1639.6825396825398 34
1641.2698412698414 29
1642.8571428571431 27
1644.4444444444448 28
1646.031746031746 32
1647.6190476190477 37
1649.2063492063494 45
1650.793650793651 53
1652.3809523809523 55
1653.968253968254 57
1655.5555555555557 58
1657.1428571428573 57
1658.730158730159 55
1660.3174603174602 53
1661.904761904762 51
1663.4920634920636 48
1665.0793650793653 48
1666.666666666667 50
1668.2539682539682 51
1669.8412698412699 53
1671.4285714285716 53
1673.0158730158732 51
1674.603174603175 47
1676.1904761904761 45
1677.7777777777778 44
1679.3650793650795 50
1680.9523809523812 58
1682.5396825396829 61
1684.126984126984 61
1685.7142857142858 60
1687.3015873015875 59
1688.8888888888891 52
1690.4761904761908 44
1692.063492063492 42
1693.6507936507937 43
1695.2380952380954 50
1696.825396825397 58
1698.4126984126983 65
1700.0 72
1701.5873015873017 77
1703.1746031746034 78
1704.761904761905 75
1706.3492063492063 74
1707.936507936508 68
1709.5238095238096 62
1711.1111111111113 69
1712.698412698413 78
1714.2857142857142 89
1715.873015873016 99
1717.4603174603176 102
1719.0476190476193 103
1720.634920634921 100
1722.2222222222222 97
1723.8095238095239 87
1725.3968253968255 77
1726.9841269841272 74
1728.571428571429 74
1730.1587301587301 79
1731.7460317460318 84
1733.3333333333335 86
1734.9206349206352 87
1736.5079365079368 87
1738.095238095238 86
1739.6825396825398 83
1741.2698412698414 82
1742.8571428571431 85
1744.4444444444443 90
1746.031746031746 99
1747.6190476190477 108
1749.2063492063494 110
1750.793650793651 112
1752.3809523809523 113
1753.968253968254 115
1755.5555555555557 115
1757.1428571428573 116
1758.730158730159 114
1760.3174603174602 114
1761.904761904762 108
1763.4920634920636 99
1765.0793650793653 97
1766.666666666667 100
1768.2539682539682 109
1769.8412698412699 118
1771.4285714285716 125
1773.0158730158732 127
1774.603174603175 130
1776.1904761904761 131
1777.7777777777778 132
1779.3650793650795 132
1780.9523809523812 129
1782.5396825396829 123
1784.126984126984 118
1785.7142857142858 115
1787.3015873015875 113
1788.8888888888891 117
1790.4761904761908 120
1792.063492063492 123
1793.6507936507937 126
1795.2380952380954 131
1796.825396825397 135
1798.4126984126983 139
1800.0 139
1801.5873015873017 140
1803.1746031746034 141
1804.761904761905 142
1806.3492063492063 145
1807.936507936508 149
1809.5238095238096 152
1811.1111111111113 152
1812.698412698413 151
1814.2857142857142 150
1815.873015873016 146
1817.4603174603176 140
1819.0476190476193 134
1820.634920634921 130
1822.2222222222222 128
1823.8095238095239 132
1825.3968253968255 138
1826.9841269841272 144
1828.571428571429 150
1830.1587301587301 150
1831.7460317460318 149
1833.3333333333335 147
1834.9206349206352 143
1836.5079365079368 136
1838.095238095238 134
1839.6825396825398 138
1841.2698412698414 145
1842.8571428571431 155
1844.4444444444443 164
1846.031746031746 167
1847.6190476190477 169
1849.2063492063494 170
1850.793650793651 170
1852.3809523809523 170
1853.968253968254 169
1855.5555555555557 166
1857.1428571428573 162
1858.730158730159 155
1860.3174603174602 147
1861.904761904762 145
1863.4920634920636 147
1865.0793650793653 157
1866.666666666667 167
1868.2539682539682 174
1869.8412698412699 177
1871.4285714285716 179
1873.0158730158732 179
1874.603174603175 179
1876.1904761904761 178
1877.7777777777778 177
1879.3650793650795 174
1880.9523809523812 172
1882.5396825396829 169
1884.126984126984 168
1885.7142857142858 169
1887.3015873015875 171
1888.8888888888891 175
1890.4761904761904 178
1892.063492063492 180
1893.6507936507937 182
1895.2380952380954 183
1896.825396825397 183
1898.4126984126983 182
1900.0 182
1901.5873015873017 181
1903.1746031746034 180
1904.761904761905 181
1906.3492063492063 181
1907.936507936508 181
1909.5238095238096 178
1911.1111111111113 175
1912.698412698413 173
1914.2857142857142 171
1915.873015873016 174
1917.4603174603176 178
1919.0476190476193 183
1920.634920634921 188
1922.2222222222222 192
1923.8095238095239 193
1925.3968253968255 195
1926.9841269841272 195
1928.571428571429 195
1930.1587301587301 195
1931.7460317460318 193
1933.3333333333335 188
1934.9206349206352 184
1936.5079365079368 183
1938.095238095238 183
1939.6825396825398 188
1941.2698412698414 193
1942.8571428571431 196
1944.4444444444443 199
1946.031746031746 200
1947.6190476190477 201
1949.2063492063494 202
1950.793650793651 202
1952.3809523809525 202
1953.968253968254 202
1955.5555555555557 201
1957.1428571428573 200
1958.7301587301588 199
1960.3174603174605 198
1961.904761904762 199
1963.4920634920636 202
1965.0793650793653 205
1966.6666666666667 207
1968.2539682539684 209
1969.8412698412699 211
1971.4285714285716 212
1973.0158730158732 213
1974.6031746031747 213
1976.1904761904764 214
1977.7777777777778 214
1979.3650793650795 212
1980.952380952381 211
1982.5396825396826 208
1984.1269841269843 205
1985.7142857142858 203
1987.3015873015875 204
1988.888888888889 208
1990.4761904761906 212
1992.0634920634923 216
1993.6507936507937 218
1995.2380952380954 220
1996.8253968253969 221
1998.4126984126985 221
2000.0 222
2001.5873015873017 222
2003.1746031746034 221
2004.7619047619048 221
2006.3492063492065 220
2007.936507936508 219
2009.5238095238096 218
2011.1111111111113 217
2012.6984126984128 219
2014.2857142857144 221
2015.873015873016 223
2017.4603174603176 225
2019.0476190476193 227
2020.6349206349207 229
2022.2222222222224 230
2023.8095238095239 230
2025.3968253968255 231
2026.984126984127 231
2028.5714285714287 231
2030.1587301587304 231
2031.7460317460318 230
2033.3333333333335 230
2034.920634920635 229
2036.5079365079366 230
2038.0952380952383 231
2039.6825396825398 232
2041.2698412698414 233
2042.857142857143 234
2044.4444444444446 235
2046.0317460317463 236
2047.6190476190477 237
2049.2063492063494 237
2050.793650793651 237
2052.3809523809523 237
2053.968253968254 236
2055.5555555555557 236
2057.1428571428573 235
2058.730158730159 235
2060.3174603174602 236
2061.904761904762 237
2063.4920634920636 238
2065.0793650793653 239
2066.666666666667 240
2068.253968253968 240
2069.84126984127 240
2071.4285714285716 241
2073.015873015873 241
2074.603174603175 242
2076.190476190476 242
2077.777777777778 242
2079.3650793650795 242
2080.9523809523807 242
2082.539682539683 243
2084.126984126984 243
2085.714285714286 244
2087.3015873015875 244
2088.8888888888887 245
2090.476190476191 245
2092.063492063492 245
2093.6507936507937 246
2095.2380952380954 246
2096.8253968253966 246
2098.412698412699 246
2100.0 247
2101.5873015873017 247
2103.1746031746034 247
2104.7619047619046 247
2106.3492063492067 247
2107.936507936508 247
2109.5238095238096 248
2111.1111111111113 248
2112.6984126984125 249
2114.2857142857147 249
2115.873015873016 250
2117.4603174603176 250
2119.0476190476193 249
2120.6349206349205 249
2122.2222222222226 250
2123.809523809524 250
2125.3968253968255 251
2126.984126984127 251
2128.5714285714284 252
2130.1587301587306 253
2131.746031746032 253
2133.3333333333335 253
2134.920634920635 253
2136.5079365079364 254
2138.0952380952385 254
2139.6825396825398 254
2141.2698412698414 255
2142.857142857143 255
2144.4444444444443 256
2146.031746031746 256
2147.6190476190477 256
2149.2063492063494 256
2150.793650793651 257
2152.3809523809523 257
2153.968253968254 257
2155.5555555555557 257
2157.1428571428573 257
2158.730158730159 257
2160.3174603174602 256
2161.904761904762 256
2163.4920634920636 257
2165.0793650793653 257
2166.666666666667 258
2168.253968253968 259
2169.84126984127 260
2171.4285714285716 260
2173.015873015873 261
2174.603174603175 262
2176.190476190476 262
2177.777777777778 263
2179.3650793650795 263
2180.9523809523807 264
2182.539682539683 264
2184.126984126984 265
2185.714285714286 265
2187.3015873015875 265
2188.8888888888887 265
2190.476190476191 266
2192.063492063492 266
2193.6507936507937 266
2195.2380952380954 266
2196.8253968253966 266
2198.412698412699 266
2200.0 265
2201.5873015873017 266
2203.1746031746034 266
2204.7619047619046 267
2206.3492063492067 267
2207.936507936508 267
2209.5238095238096 267
2211.1111111111113 267
2212.6984126984125 268
2214.2857142857147 268
2215.873015873016 269
2217.4603174603176 269
2219.0476190476193 268
2220.6349206349205 268
2222.2222222222226 268
2223.809523809524 268
2225.3968253968255 268
2226.984126984127 269
2228.5714285714284 269
2230.1587301587306 269
2231.746031746032 270
2233.3333333333335 270
2234.920634920635 269
2236.5079365079364 269
2238.0952380952385 269
2239.6825396825398 269
2241.2698412698414 269
2242.857142857143 268
2244.4444444444443 268
2246.031746031746 268
2247.6190476190477 267
2249.2063492063494 267
2250.793650793651 267
2252.3809523809523 266
2253.968253968254 266
2255.5555555555557 266
2257.1428571428573 266
2258.730158730159 265
2260.3174603174602 265
2261.904761904762 264
2263.4920634920636 264
2265.0793650793653 264
2266.666666666667 265
2268.253968253968 265
2269.84126984127 266
2271.4285714285716 266
2273.015873015873 266
2274.603174603175 267
2276.190476190476 267
2277.777777777778 266
2279.3650793650795 266
2280.9523809523807 264
2282.539682539683 262
2284.126984126984 259
2285.714285714286 256
2287.3015873015875 252
2288.8888888888887 247
2290.476190476191 243
2292.063492063492 237
2293.6507936507937 232
2295.2380952380954 227
2296.8253968253966 220
2298.412698412699 214
2300.0 206
2301.5873015873017 198
2303.1746031746034 190
2304.7619047619046 181
2306.3492063492067 172
2307.936507936508 164
2309.5238095238096 156
2311.1111111111113 147
2312.6984126984125 137
2314.2857142857147 128
2315.873015873016 119
2317.4603174603176 110
2319.0476190476193 102
2320.6349206349205 96
2322.2222222222226 90
2323.809523809524 86
2325.3968253968255 82
2326.984126984127 79
2328.5714285714284 76
2330.1587301587306 74
2331.746031746032 72
2333.3333333333335 71
2334.920634920635 71
2336.5079365079364 75
2338.0952380952385 81
2339.6825396825398 87
2341.2698412698414 93
2342.857142857143 98
2344.4444444444443 99
2346.031746031746 93
2347.6190476190477 84
2349.2063492063494 74
2350.793650793651 63
2352.3809523809523 51
2353.968253968254 47
2355.5555555555557 43
2357.1428571428573 45
2358.730158730159 48
2360.3174603174602 55
2361.904761904762 62
2363.4920634920636 72
2365.079365079365 85
2366.666666666667 97
2368.253968253968 117
2369.84126984127 136
2371.4285714285716 157
2373.015873015873 179
2374.603174603175 201
2376.190476190476 221
2377.777777777778 241
2379.3650793650795 255
2380.9523809523807 266
2382.539682539683 275
2384.126984126984 278
2385.714285714286 282
2387.3015873015875 282
2388.8888888888887 282
2390.476190476191 282
2392.063492063492 282
2393.6507936507937 282
2395.2380952380954 283
2396.8253968253966 283
2398.412698412699 284
2400.0 284
2401.5873015873017 284
2403.1746031746034 284
2404.7619047619046 285
2406.3492063492067 285
2407.936507936508 285
2409.5238095238096 285
2411.1111111111113 285
2412.6984126984125 284
2414.2857142857147 284
2415.873015873016 284
2417.4603174603176 284
2419.0476190476193 285
2420.6349206349205 285
2422.2222222222226 286
2423.809523809524 286
2425.3968253968255 286
2426.984126984127 286
2428.5714285714284 285
2430.1587301587306 285
2431.746031746032 284
2433.3333333333335 284
2434.920634920635 283
2436.5079365079364 283
2438.095238095238 283
2439.6825396825398 284
2441.2698412698414 285
2442.857142857143 285
2444.4444444444443 285
2446.031746031746 285
2447.6190476190477 285
2449.2063492063494 285
2450.793650793651 285
2452.3809523809523 284
2453.968253968254 284
2455.5555555555557 284
2457.1428571428573 284
2458.730158730159 284
2460.3174603174602 284
2461.904761904762 284
2463.4920634920636 284
2465.079365079365 284
2466.666666666667 284
2468.253968253968 285
2469.84126984127 285
2471.4285714285716 285
2473.015873015873 285
2474.603174603175 284
2476.190476190476 284
2477.777777777778 283
2479.3650793650795 283
2480.9523809523807 282
2482.539682539683 282
2484.126984126984 282
2485.714285714286 282
2487.3015873015875 282
2488.8888888888887 283
2490.476190476191 283
2492.063492063492 283
2493.6507936507937 284
2495.2380952380954 284
2496.8253968253966 283
2498.412698412699 283
2500.0 283
2501.5873015873017 282
2503.1746031746034 281
2504.7619047619046 281
2506.3492063492067 282
2507.936507936508 282
2509.5238095238096 283
2511.1111111111113 283
2512.6984126984125 283
2514.2857142857147 283
2515.873015873016 283
2517.4603174603176 283
2519.0476190476193 282
2520.6349206349205 282
2522.2222222222226 281
2523.809523809524 282
2525.3968253968255 282
2526.984126984127 282
2528.5714285714284 281
2530.1587301587306 281
2531.746031746032 281
2533.3333333333335 281
2534.920634920635 281
2536.5079365079364 282
2538.095238095238 282
2539.6825396825398 281
2541.2698412698414 281
2542.857142857143 280
2544.4444444444443 280
2546.031746031746 279
2547.6190476190477 279
2549.2063492063494 278
2550.793650793651 278
2552.3809523809523 278
2553.968253968254 277
2555.5555555555557 277
2557.142857142857 277
2558.730158730159 277
2560.3174603174602 277
2561.904761904762 278
2563.4920634920636 278
2565.079365079365 278
2566.666666666667 278
2568.253968253968 278
2569.84126984127 278
2571.4285714285716 278
2573.015873015873 277
2574.603174603175 276
2576.190476190476 276
2577.777777777778 275
2579.3650793650795 275
2580.9523809523807 274
2582.539682539683 274
2584.126984126984 274
2585.714285714286 274
2587.3015873015875 273
2588.8888888888887 273
2590.476190476191 273
2592.063492063492 273
2593.6507936507937 273
2595.2380952380954 273
2596.8253968253966 272
2598.412698412699 272
2600.0 272
2601.5873015873017 271
2603.1746031746034 271
2604.7619047619046 271
2606.3492063492067 271
2607.936507936508 270
2609.5238095238096 270
2611.1111111111113 270
2612.6984126984125 269
2614.2857142857147 269
2615.873015873016 269
2617.4603174603176 268
2619.0476190476193 268
2620.6349206349205 268
2622.2222222222226 267
2623.809523809524 267
2625.3968253968255 267
2626.984126984127 266
2628.5714285714284 266
2630.15873015873 266
2631.746031746032 266
2633.3333333333335 266
2634.920634920635 265
2636.5079365079364 265
2638.095238095238 264
2639.6825396825398 264
2641.2698412698414 263
2642.857142857143 262
2644.4444444444443 262
2646.031746031746 262
2647.6190476190477 261
2649.2063492063494 260
2650.793650793651 260
2652.3809523809523 259
2653.968253968254 258
2655.5555555555557 257
2657.142857142857 256
2658.730158730159 255
2660.3174603174602 255
2661.904761904762 254
2663.4920634920636 254
2665.079365079365 254
2666.666666666667 254
2668.253968253968 255
2669.84126984127 255
2671.4285714285716 255
2673.015873015873 255
2674.603174603175 255
2676.190476190476 254
2677.777777777778 253
2679.3650793650795 252
2680.9523809523807 252
2682.539682539683 251
2684.126984126984 251
2685.714285714286 251
2687.3015873015875 251
2688.8888888888887 250
2690.476190476191 249
2692.063492063492 248
2693.6507936507937 247
2695.2380952380954 247
2696.8253968253966 246
2698.412698412699 246
2700.0 245
2701.5873015873017 245
2703.1746031746034 244
2704.7619047619046 243
2706.3492063492067 243
2707.936507936508 242
2709.5238095238096 241
2711.1111111111113 241
2712.6984126984125 240
2714.2857142857147 240
2715.873015873016 239
2717.4603174603176 239
2719.0476190476193 239
2720.6349206349205 240
2722.2222222222226 240
2723.809523809524 240
2725.3968253968255 240
2726.984126984127 240
2728.5714285714284 239
2730.15873015873 238
2731.746031746032 238
2733.3333333333335 237
2734.920634920635 236
2736.5079365079364 235
2738.095238095238 235
2739.6825396825398 234
2741.2698412698414 234
2742.857142857143 233
2744.4444444444443 233
2746.031746031746 233
2747.6190476190477 232
2749.2063492063494 232
2750.793650793651 231
2752.3809523809523 231
2753.968253968254 230
2755.5555555555557 230
2757.142857142857 229
2758.730158730159 229
2760.3174603174602 229
2761.904761904762 229
2763.4920634920636 229
2765.079365079365 228
2766.666666666667 228
2768.253968253968 227
2769.84126984127 226
2771.4285714285716 226
2773.015873015873 225
2774.603174603175 225
2776.190476190476 224
2777.777777777778 223
2779.3650793650795 222
2780.9523809523807 221
2782.539682539683 220
2784.126984126984 219
2785.714285714286 219
2787.3015873015875 218
2788.8888888888887 218
2790.476190476191 217
2792.063492063492 217
2793.6507936507937 216
2795.2380952380954 216
2796.8253968253966 217
2798.412698412699 217
2800.0 217
2801.5873015873017 217
2803.1746031746034 217
2804.7619047619046 216
2806.3492063492067 216
2807.936507936508 216
2809.5238095238096 215
2811.1111111111113 215
2812.6984126984125 214
2814.2857142857147 213
2815.873015873016 212
2817.4603174603176 211
2819.0476190476193 210
2820.6349206349205 209
2822.2222222222226 209
2823.809523809524 208
2825.3968253968255 208
2826.984126984127 208
2828.5714285714284 208
2830.15873015873 208
2831.746031746032 207
2833.3333333333335 207
2834.920634920635 205
2836.5079365079364 204
2838.095238095238 203
2839.6825396825398 202
2841.2698412698414 200
2842.857142857143 199
2844.4444444444443 198
2846.031746031746 197
2847.6190476190477 196
2849.206349206349 195
2850.793650793651 194
2852.3809523809523 194
2853.968253968254 194
2855.5555555555557 194
2857.142857142857 195
2858.730158730159 195
2860.3174603174602 195
2861.904761904762 195
2863.4920634920636 194
2865.079365079365 194
2866.666666666667 193
2868.253968253968 192
2869.84126984127 191
2871.4285714285716 191
2873.015873015873 191
2874.603174603175 191
2876.190476190476 192
2877.777777777778 192
2879.3650793650795 192
2880.9523809523807 191
2882.539682539683 191
2884.126984126984 189
2885.714285714286 188
2887.3015873015875 187
2888.8888888888887 186
2890.476190476191 185
2892.063492063492 185
2893.6507936507937 185
2895.2380952380954 185
2896.8253968253966 184
2898.412698412699 184
2900.0 183
2901.5873015873017 182
2903.1746031746034 181
2904.7619047619046 180
2906.3492063492067 179
2907.936507936508 178
2909.5238095238096 177
2911.1111111111113 176
2912.6984126984125 175
2914.2857142857147 175
2915.873015873016 174
2917.4603174603176 173
2919.0476190476193 172
2920.6349206349205 171
2922.222222222222 170
2923.809523809524 170
2925.3968253968255 170
2926.984126984127 170
2928.5714285714284 170
2930.15873015873 169
2931.746031746032 169
2933.3333333333335 169
2934.920634920635 169
2936.5079365079364 168
2938.095238095238 168
2939.6825396825398 168
2941.2698412698414 168
2942.857142857143 168
2944.4444444444443 168
2946.031746031746 168
2947.6190476190477 168
2949.206349206349 167
2950.793650793651 167
2952.3809523809523 166
2953.968253968254 166
2955.5555555555557 165
2957.142857142857 164
2958.730158730159 163
2960.3174603174602 163
2961.904761904762 163
2963.4920634920636 163
2965.079365079365 164
2966.666666666667 164
2968.253968253968 164
2969.84126984127 164
2971.4285714285716 164
2973.015873015873 164
2974.603174603175 163
2976.190476190476 163
2977.777777777778 162
2979.3650793650795 162
2980.9523809523807 161
2982.539682539683 161
2984.126984126984 160
2985.714285714286 160
2987.3015873015875 160
2988.8888888888887 160
2990.4761904761904 160
2992.063492063492 160
2993.6507936507937 159
2995.2380952380954 159
2996.8253968253966 159
2998.4126984126983 158
3000.0 158
3001.5873015873017 157
3003.1746031746034 157
3004.7619047619046 156
3006.3492063492063 155
3007.936507936508 154
3009.5238095238096 154
3011.1111111111113 153
3012.6984126984125 153
3014.285714285714 153
3015.873015873016 153
3017.4603174603176 153
3019.0476190476193 152
3020.6349206349205 151
3022.222222222222 150
3023.809523809524 149
3025.3968253968255 148
3026.984126984127 147
3028.5714285714284 147
3030.15873015873 147
3031.746031746032 147
3033.3333333333335 147
3034.920634920635 147
3036.5079365079364 147
3038.095238095238 147
3039.6825396825398 147
3041.2698412698414 146
3042.857142857143 145
3044.4444444444443 145
3046.031746031746 144
3047.6190476190477 143
3049.2063492063494 143
3050.793650793651 143
3052.3809523809523 143
3053.968253968254 144
3055.5555555555557 144
3057.1428571428573 144
3058.730158730159 143
3060.3174603174602 143
3061.904761904762 142
3063.4920634920636 141
3065.0793650793653 140
3066.666666666667 140
3068.253968253968 140
3069.84126984127 140
3071.4285714285716 140
3073.015873015873 140
3074.603174603175 139
3076.190476190476 138
3077.777777777778 138
3079.3650793650795 137
3080.9523809523807 137
3082.539682539683 136
3084.126984126984 136
3085.714285714286 135
3087.3015873015875 135
3088.8888888888887 134
3090.4761904761904 134
3092.063492063492 133
3093.6507936507937 132
3095.2380952380954 132
3096.8253968253966 131
3098.4126984126983 130
3100.0 130
3101.5873015873017 130
3103.1746031746034 130
3104.7619047619046 130
3106.3492063492063 130
3107.936507936508 130
3109.5238095238096 130
3111.1111111111113 129
3112.6984126984125 128
3114.285714285714 128
3115.873015873016 127
3117.4603174603176 127
3119.0476190476193 126
3120.6349206349205 126
3122.222222222222 126
3123.809523809524 127
3125.3968253968255 127
3126.984126984127 127
3128.5714285714284 127
3130.15873015873 127
3131.746031746032 126
3133.3333333333335 126
3134.920634920635 125
3136.5079365079364 125
3138.095238095238 124
3139.6825396825398 124
3141.2698412698414 123
3142.857142857143 123
3144.4444444444443 123
3146.031746031746 123
3147.6190476190477 123
3149.2063492063494 122
3150.793650793651 122
3152.3809523809523 122
3153.968253968254 122
3155.5555555555557 122
3157.1428571428573 121
3158.730158730159 120
3160.3174603174602 120
3161.904761904762 119
3163.4920634920636 119
3165.0793650793653 119
3166.666666666667 119
3168.253968253968 119
3169.84126984127 119
3171.4285714285716 118
3173.015873015873 117
3174.603174603175 116
3176.190476190476 115
3177.777777777778 115
3179.3650793650795 115
3180.9523809523807 115
3182.5396825396824 116
3184.126984126984 116
3185.714285714286 116
3187.3015873015875 116
3188.8888888888887 116
3190.4761904761904 115
3192.063492063492 114
3193.6507936507937 113
3195.2380952380954 113
3196.8253968253966 112
3198.4126984126983 112
3200.0 111
3201.5873015873017 111
3203.1746031746034 110
3204.7619047619046 110
3206.3492063492063 109
3207.936507936508 108
3209.5238095238096 108
3211.1111111111113 108
3212.6984126984125 108
3214.285714285714 108
3215.873015873016 108
3217.4603174603176 108
3219.0476190476193 109
3220.6349206349205 109
3222.222222222222 109
3223.809523809524 109
3225.3968253968255 109
3226.984126984127 109
3228.5714285714284 107
3230.15873015873 107
3231.746031746032 106
3233.3333333333335 106
3234.920634920635 106
3236.5079365079364 106
3238.095238095238 107
3239.6825396825398 107
3241.2698412698414 107
3242.857142857143 106
3244.4444444444443 106
3246.031746031746 105
3247.6190476190477 105
3249.2063492063494 105
3250.793650793651 105
3252.3809523809523 104
3253.968253968254 104
3255.5555555555557 103
3257.1428571428573 103
3258.730158730159 103
3260.3174603174602 103
3261.904761904762 103
3263.4920634920636 104
3265.0793650793653 104
3266.666666666667 104
3268.253968253968 104
3269.84126984127 103
3271.4285714285716 103
3273.015873015873 102
3274.603174603175 102
3276.190476190476 102
3277.777777777778 102
3279.3650793650795 102
3280.9523809523807 102
3282.5396825396824 102
3284.126984126984 102
3285.714285714286 102
3287.3015873015875 101
3288.8888888888887 101
3290.4761904761904 100
3292.063492063492 100
3293.6507936507937 100
3295.2380952380954 100
3296.8253968253966 100
3298.4126984126983 100
3300.0 101
3301.5873015873017 101
3303.1746031746034 101
3304.7619047619046 100
3306.3492063492063 99
3307.936507936508 99
3309.5238095238096 98
3311.1111111111113 98
3312.6984126984125 98
3314.285714285714 98
3315.873015873016 99
3317.4603174603176 99
3319.0476190476193 100
3320.6349206349205 100
3322.222222222222 100
3323.809523809524 100
3325.3968253968255 100
3326.984126984127 100
3328.5714285714284 100
3330.15873015873 100
3331.746031746032 100
3333.3333333333335 100
3334.920634920635 99
3336.5079365079364 99
3338.095238095238 99
3339.6825396825398 98
3341.2698412698414 97
3342.857142857143 97
3344.4444444444443 97
3346.031746031746 97
3347.6190476190477 97
3349.2063492063494 97
3350.793650793651 98
3352.3809523809523 98
3353.968253968254 97
3355.5555555555557 97
3357.1428571428573 96
3358.730158730159 95
3360.3174603174602 94
3361.904761904762 94
3363.4920634920636 93
3365.079365079365 93
3366.666666666667 94
3368.253968253968 95
3369.84126984127 96
3371.4285714285716 96
3373.015873015873 96
3374.603174603175 95
3376.190476190476 94
3377.777777777778 94
3379.3650793650795 94
3380.9523809523807 94
3382.5396825396824 94
3384.126984126984 94
3385.714285714286 94
3387.3015873015875 93
3388.8888888888887 93
3390.4761904761904 93
3392.063492063492 92
3393.6507936507937 92
3395.2380952380954 92
3396.8253968253966 93
3398.4126984126983 93
3400.0 93
3401.5873015873017 94
3403.1746031746034 94
3404.7619047619046 94
3406.3492063492063 94
3407.936507936508 94
3409.5238095238096 94
3411.1111111111113 94
3412.6984126984125 93
3414.285714285714 92
3415.873015873016 92
3417.4603174603176 91
3419.0476190476193 90
3420.6349206349205 90
3422.222222222222 91
3423.809523809524 91
3425.3968253968255 91
3426.984126984127 91
3428.5714285714284 90
3430.15873015873 89
3431.746031746032 89
3433.3333333333335 89
3434.920634920635 89
3436.5079365079364 88
3438.095238095238 87
3439.6825396825398 87
3441.2698412698414 86
3442.857142857143 85
3444.4444444444443 85
3446.031746031746 85
3447.6190476190477 86
3449.2063492063494 88
3450.793650793651 89
3452.3809523809523 90
3453.968253968254 90
3455.5555555555557 89
3457.1428571428573 88
3458.730158730159 88
3460.3174603174602 87
3461.904761904762 86
3463.4920634920636 86
3465.079365079365 87
3466.666666666667 87
3468.253968253968 88
3469.84126984127 89
3471.4285714285716 89
3473.015873015873 90
3474.6031746031745 89
3476.190476190476 88
3477.777777777778 88
3479.3650793650795 87
3480.9523809523807 87
3482.5396825396824 87
3484.126984126984 88
3485.714285714286 88
3487.3015873015875 89
3488.8888888888887 89
3490.4761904761904 88
3492.063492063492 87
3493.6507936507937 87
3495.2380952380954 86
3496.8253968253966 85
3498.4126984126983 84
3500.0 82
3501.5873015873017 82
3503.1746031746034 82
3504.7619047619046 83
3506.3492063492063 83
3507.936507936508 86
3509.5238095238096 86
3511.1111111111113 87
3512.6984126984125 88
3514.285714285714 88
3515.873015873016 88
3517.4603174603176 87
3519.0476190476193 84
3520.6349206349205 81
3522.222222222222 79
3523.809523809524 76
3525.3968253968255 76
3526.984126984127 77
3528.5714285714284 80
3530.15873015873 82
3531.746031746032 83
3533.3333333333335 84
3534.920634920635 85
3536.5079365079364 85
3538.095238095238 85
3539.6825396825398 84
3541.2698412698414 82
3542.857142857143 79
3544.4444444444443 77
3546.031746031746 77
3547.6190476190477 77
3549.2063492063494 80
3550.793650793651 80
3552.3809523809523 82
3553.968253968254 83
3555.5555555555557 83
3557.1428571428573 81
3558.7301587301586 79
3560.3174603174602 75
3561.904761904762 70
3563.4920634920636 64
3565.0793650793653 62
3566.6666666666665 64
3568.253968253968 70
3569.84126984127 76
3571.4285714285716 79
3573.015873015873 81
3574.6031746031745 82
3576.190476190476 83
3577.777777777778 82
3579.3650793650795 81
3580.9523809523807 78
3582.5396825396824 75
3584.126984126984 70
3585.714285714286 65
3587.3015873015875 63
3588.8888888888887 63
3590.4761904761904 66
3592.063492063492 66
3593.6507936507937 67
3595.2380952380954 68
3596.8253968253966 69
3598.4126984126983 70
3600.0 72
3601.5873015873017 72
3603.1746031746034 71
3604.7619047619046 68
3606.3492063492063 65
3607.936507936508 61
3609.5238095238096 57
3611.1111111111113 54
3612.6984126984125 52
3614.285714285714 51
3615.873015873016 50
3617.4603174603176 53
3619.0476190476193 56
3620.6349206349205 58
3622.222222222222 58
3623.809523809524 58
3625.3968253968255 57
3626.984126984127 54
3628.5714285714284 53
3630.15873015873 60
3631.746031746032 66
3633.3333333333335 73
3634.920634920635 79
3636.5079365079364 81
3638.095238095238 82
3639.6825396825398 81
3641.2698412698414 80
3642.857142857143 72
3644.4444444444443 64
3646.031746031746 56
3647.6190476190477 48
3649.2063492063494 49
3650.793650793651 55
3652.3809523809523 63
3653.968253968254 71
3655.5555555555557 79
3657.1428571428573 85
3658.7301587301586 92
3660.3174603174602 93
3661.904761904762 94
3663.4920634920636 93
3665.0793650793653 88
3666.6666666666665 79
3668.253968253968 70
3669.84126984127 62
3671.4285714285716 55
3673.015873015873 54
3674.6031746031745 56
3676.190476190476 66
3677.777777777778 75
3679.3650793650795 82
3680.9523809523807 88
3682.5396825396824 89
3684.126984126984 88
3685.714285714286 80
3687.3015873015875 72
3688.8888888888887 70
3690.4761904761904 70
3692.063492063492 78
3693.6507936507937 86
3695.2380952380954 89
3696.8253968253966 91
3698.4126984126983 92
3700.0 93
3701.5873015873017 92
3703.1746031746034 91
3704.7619047619046 90
3706.3492063492063 88
3707.936507936508 84
3709.5238095238096 79
3711.1111111111113 87
3712.6984126984125 94
3714.285714285714 103
3715.873015873016 109
3717.4603174603176 113
3719.0476190476193 113
3720.6349206349205 109
3722.222222222222 106
3723.809523809524 106
3725.3968253968255 105
3726.984126984127 104
3728.5714285714284 103
3730.15873015873 100
3731.746031746032 91
3733.3333333333335 81
3734.920634920635 82
3736.5079365079364 85
3738.095238095238 88
3739.6825396825398 92
3741.2698412698414 92
3742.857142857143 88
3744.4444444444443 81
3746.031746031746 76
3747.6190476190477 73
3749.2063492063494 79
3750.7936507936506 88
3752.3809523809523 99
3753.968253968254 114
3755.5555555555557 127
3757.1428571428573 135
3758.7301587301586 143
3760.3174603174602 148
3761.904761904762 151
3763.4920634920636 154
3765.0793650793653 154
3766.6666666666665 152
3768.253968253968 156
3769.84126984127 165
3771.4285714285716 172
3773.0158730158732 176
3774.6031746031745 180
3776.190476190476 180
3777.777777777778 176
3779.3650793650795 172
3780.9523809523807 172
3782.5396825396824 173
3784.126984126984 180
3785.714285714286 187
3787.3015873015875 191
3788.8888888888887 192
3790.4761904761904 192
3792.063492063492 192
3793.6507936507937 180
3795.2380952380954 167
3796.8253968253966 152
3798.4126984126983 136
3800.0 123
3801.5873015873017 120
3803.1746031746034 125
3804.7619047619046 136
3806.3492063492063 146
3807.936507936508 156
3809.5238095238096 166
3811.1111111111113 166
3812.6984126984125 159
3814.285714285714 150
3815.873015873016 138
3817.4603174603176 124
3819.0476190476193 113
3820.6349206349205 116
3822.222222222222 123
3823.809523809524 135
3825.3968253968255 144
3826.984126984127 146
3828.5714285714284 147
3830.15873015873 147
3831.746031746032 141
3833.3333333333335 131
3834.920634920635 121
3836.5079365079364 112
3838.095238095238 107
3839.6825396825398 114
3841.2698412698414 124
3842.8571428571427 138
3844.4444444444443 152
3846.031746031746 152
3847.6190476190477 144
3849.2063492063494 136
3850.7936507936506 123
3852.3809523809523 106
3853.968253968254 105
3855.5555555555557 116
3857.1428571428573 125
3858.7301587301586 133
3860.3174603174602 137
3861.904761904762 137
3863.4920634920636 131
3865.0793650793653 125
3866.6666666666665 121
3868.253968253968 117
3869.84126984127 120
3871.4285714285716 124
3873.0158730158732 133
3874.6031746031745 142
3876.190476190476 145
3877.777777777778 145
3879.3650793650795 143
3880.9523809523807 141
3882.5396825396824 139
3884.126984126984 138
3885.714285714286 142
3887.3015873015875 145
3888.8888888888887 147
3890.4761904761904 149
3892.063492063492 151
3893.6507936507937 151
3895.2380952380954 151
3896.8253968253966 149
3898.4126984126983 139
3900.0 129
3901.5873015873017 124
3903.1746031746034 126
3904.7619047619046 142
3906.3492063492063 158
3907.936507936508 171
3909.5238095238096 183
3911.1111111111113 186
3912.6984126984125 186
3914.285714285714 180
3915.873015873016 174
3917.4603174603176 169
3919.0476190476193 163
3920.6349206349205 163
3922.222222222222 163
3923.809523809524 165
3925.3968253968255 166
3926.984126984127 166
3928.5714285714284 166
3930.15873015873 167
3931.746031746032 170
3933.3333333333335 174
3934.9206349206347 178
3936.5079365079364 182
3938.095238095238 182
3939.6825396825398 182
3941.2698412698414 179
3942.8571428571427 176
3944.4444444444443 174
3946.031746031746 171
3947.6190476190477 171
3949.2063492063494 172
3950.7936507936506 176
3952.3809523809523 181
3953.968253968254 183
3955.5555555555557 186
3957.1428571428573 187
3958.7301587301586 188
3960.3174603174602 188
3961.904761904762 189
3963.4920634920636 190
3965.0793650793653 190
3966.6666666666665 190
3968.253968253968 189
3969.84126984127 189
3971.4285714285716 187
3973.0158730158732 185
3974.6031746031745 186
3976.190476190476 187
3977.777777777778 188
3979.3650793650795 190
3980.9523809523807 191
3982.5396825396824 191
3984.126984126984 192
3985.714285714286 192
3987.3015873015875 191
3988.8888888888887 190
3990.4761904761904 190
3992.063492063492 189
3993.6507936507937 188
3995.2380952380954 189
3996.8253968253966 189
3998.4126984126983 190
4000.0 190
